SNP,original_chromosome,original_position,new_chromosome,new_position
CHRY_9681,39,38959369,40,9681
CHRY_37602,29,23504806,40,37602
CHRY_67340,34,14115841,40,67340
CHRY_160418,39,6645941,40,160418
CHRY_316950,39,35759526,40,316950
CHRY_337290,10,14981323,40,337290
CHRY_468636,39,73660172,40,468636
CHRY_576964,23,4995014,40,576964
CHRY_666839,9,18821753,40,666839
CHRY_740702,1,3735314,40,740702
CHRY_1015143,8,32475370,40,1015143
CHRY_1197042,39,58752006,40,1197042
CHRY_488379,39,62819187,40,488379
CHRY_665747,6,9077717,40,665747
CHRY_809044,32,21474081,40,809044
CHRY_845816,17,25146496,40,845816
