1	BICF2S2358127	0	68723
1	BICF2G630707893	0	177110
1	TIGRP2P175	0	199016
1	BICF2P895499	0	17436894
1	BICF2P1343037	0	25117395
1	TIGRP2P3202	0	52162735
1	BICF2P151085	0	57864289
1	TIGRP2P6582	0	66033943
1	BICF2P50119	0	70422337
1	TIGRP2P10010	0	77333591
1	BICF2S23059340	0	93318427
1	TIGRP2P520	0	99785609
1	BICF2P141087	0	100214821
1	TIGRP2P748	0	100684223
1	BICF2S2355073	0	101309998
1	BICF2G630788578	0	103490901
1	BICF2P249467	0	103496165
1	BICF2S23625586	0	103504927
1	TIGRP2P13469	0	103521755
1	BICF2G630788556	0	103536107
1	BICF2G630788550	0	103540612
1	BICF2G630788546	0	103557890
1	BICF2P407675	0	103568376
1	BICF2P1282978	0	103579190
1	BICF2P795248	0	103587671
1	BICF2P160261	0	103615686
1	BICF2P549269	0	103621583
1	BICF2P1166462	0	103633647
1	BICF2P520099	0	103972149
1	TIGRP2P13745	0	104158749
1	BICF2G630788456	0	104286748
1	BICF2G630788384	0	104410031
1	BICF2P1446918	0	104460736
1	TIGRP2P14065	0	104485170
1	TIGRP2P14119	0	104496667
1	TIGRP2P14223	0	104507958
1	BICF2P744124	0	105079460
1	BICF2P391423	0	107663299
1	BICF2P270625	0	108020449
1	BICF2S22963363	0	109429109
1	BICF2P620567	0	116988043
2	BICF2P1015216	0	126801
2	BICF2S23733641	0	4210783
2	BICF2S2375274	0	4327628
2	BICF2G630678126	0	4441524
2	BICF2G630784414	0	4855938
2	TIGRP2P24488	0	5805079
2	BICF2P1177678	0	6280972
2	BICF2G630677464	0	6758104
2	TIGRP2P20161	0	13338165
2	BICF2P30924	0	13339368
2	BICF2P1214471	0	14212435
2	BICF2G630673737	0	14418326
2	BICF2P464009	0	14800191
2	TIGRP2P21904	0	35517190
2	BICF2S23116485	0	37987912
2	BICF2P451035	0	46484129
2	BICF2P1506829	0	46854134
2	BICF2S23654082	0	51260289
2	BICF2S23717441	0	57457540
2	TIGRP2P26327	0	57549146
2	TIGRP2P26535	0	57623957
2	BICF2G630494263	0	57888389
2	TIGRP2P26968	0	57899684
2	BICF2G630494355	0	57916771
2	BICF2S23135906	0	73997060
3	BICF2P187550	0	61931
3	BICF2S22948807	0	492806
3	BICF2P914863	0	5300813
3	BICF2P928359	0	20144410
3	TIGRP2P39435	0	21702206
3	BICF2P1200309	0	27779297
3	BICF2G630706693	0	31230040
3	BICF2G630706701	0	31234973
3	BICF2G630706979	0	31361562
3	G246F1S175	0	36025778
3	BICF2P986838	0	37069683
3	TIGRP2P107604	0	44565108
3	BICF2P111009	0	48842399
3	BICF2P302065	0	53041869
3	BICF2P874613	0	60194006
3	BICF2S23239780	0	73628496
3	BICF2P869845	0	83910989
3	BICF2P1491488	0	91867776
4	TIGRP2P56995	0	21849
4	BICF2G63058397	0	5820620
4	BICF2S235565	0	20178382
4	BICF2P537393	0	21720502
4	BICF2S2313749	0	34915142
4	TIGRP2P60225	0	35155704
4	BICF2P526333	0	35218725
4	BICF2P928290	0	36820580
4	TIGRP2P63944	0	66572346
5	BICF2S23110625	0	48290
5	TIGRP2P82816	0	79407
5	TIGRP2P69149	0	83433
5	TIGRP2P69483	0	11290311
5	BICF2S23447493	0	19442865
5	BICF2S23023508	0	21948967
5	BICF2P1464550	0	29282902
5	TIGRP2P3200	0	32244620
5	BICF2P963308	0	32712107
5	BICF2P65741	0	33883533
5	BICF2P550455	0	48187128
5	TIGRP2P74562	0	76360565
6	BICF2S2452969	0	84569
6	BICF2G630807386	0	272654
6	BICF2P1470558	0	9372912
6	TIGRP2P79782	0	16882781
6	BICF2P799684	0	20298872
6	BICF2S24117176	0	24695622
6	TIGRP2P80786	0	24808605
6	BICF2S23644328	0	27042680
6	TIGRP2P70379	0	34443032
6	BICF2P1145505	0	38519999
6	G405F9S74	0	40376910
6	TIGRP2P82799	0	40532129
6	BICF2G630583323	0	40700228
6	BICF2P824649	0	40743593
6	BICF2G630583191	0	41188236
6	TIGRP2P83340	0	42191160
6	BICF2G630583112	0	43065799
6	BICF2P543630	0	43098273
6	BICF2P1055256	0	43111162
6	BICF2P252371	0	43113939
6	BICF2S2301470	0	43128190
6	BICF2P769363	0	43135375
6	G409F20S151	0	43146611
6	BICF2G630581538	0	45434339
6	BICF2G630576747	0	49699256
6	BICF2G630574877	0	52282203
7	BICF2P1292813	0	1673249
7	BICF2S22910668	0	1684417
7	BICF2P601313	0	1700864
7	BICF2G630465308	0	1713524
7	BICF2G630465309	0	1716182
7	BICF2P585450	0	1857425
7	BICF2S23156198	0	1872539
7	BICF2G630465319	0	1882287
7	BICF2P384429	0	1897167
7	BICF2G630465324	0	1901087
7	BICF2P301609	0	1922879
7	BICF2G630548833	0	1941052
7	BICF2G630548858	0	1954082
7	BICF2P1194125	0	1960101
7	BICF2G630548872	0	1979599
7	BICF2G630548879	0	1986102
7	BICF2G630548886	0	1994783
7	G428F4S184	0	2023279
7	BICF2G630465305	0	2031863
7	BICF2S23326618	0	6544263
7	BICF2S23326619	0	6597693
7	BICF2S2323977	0	6606875
7	BICF2G630550280	0	7674411
7	BICF2P1108269	0	12178961
7	TIGRP2P96008	0	40395032
7	BICF2P112741	0	40848832
7	BICF2S2338088	0	53142210
7	BICF2P10870	0	68380579
7	BICF2P584054	0	68509106
7	BICF2P87725	0	80880892
8	BICF2S23158938	0	2360478
8	BICF2S23351090	0	6404598
8	BICF2P28117	0	7103838
8	TIGRP2P109014	0	19100671
8	TIGRP2P114335	0	44150561
8	BICF2P31207	0	44202484
8	BICF2S23521404	0	44265793
8	BICF2S22913270	0	55904901
8	TIGRP2P309468	0	70095037
8	TIGRP2P120547	0	70929646
8	TIGRP2P121538	0	73769618
8	BICF2S23641100	0	73809902
9	BICF2S2327894	0	6966343
9	TIGRP2P35627	0	7679312
9	BICF2G63024982	0	8596816
9	BICF2G63025061	0	8622064
9	BICF2P44371	0	8725605
9	BICF2G63025349	0	8734866
9	BICF2P1395273	0	8982694
9	BICF2G630828541	0	9320862
9	BICF2G630828813	0	19081396
9	BICF2G630830250	0	21500373
9	BICF2G630830278	0	21546726
9	BICF2S2313426	0	25666771
9	BICF2G630833496	0	28981270
9	TIGRP2P125852	0	30745070
9	G553F17S308	0	33411666
9	BICF2S23111074	0	34340755
9	TIGRP2P128574	0	47181744
9	BICF2P468188	0	47225032
9	BICF2P485116	0	49772182
10	TIGRP2P137311	0	22767
10	BICF2P1245886	0	212740
10	BICF2G630668237	0	10723599
10	BICF2S23642383	0	16424121
10	BICF2P367563	0	16465328
10	BICF2G630490421	0	53521184
11	BICF2P214336	0	710183
11	BICF2G63027441	0	751502
11	BICF2G63027274	0	8927703
11	TIGRP2P142981	0	8967550
11	BICF2P1208386	0	9153280
11	BICF2P1208388	0	9155206
11	BICF2G630287518	0	9275445
11	BICF2G630287730	0	9336851
11	BICF2G630288102	0	9590171
11	BICF2G630288338	0	9621791
11	BICF2G630288366	0	9625219
11	BICF2G630288477	0	9647691
11	TIGRP2P145392	0	9670125
11	BICF2G630289043	0	10623358
11	BICF2P1250859	0	10675833
11	BICF2G630289235	0	10774848
11	BICF2G630289262	0	10785946
11	BICF2P830989	0	10819660
11	BICF2P1452339	0	11041333
11	BICF2P51314	0	11176736
11	BICF2G630290157	0	11189546
11	TIGRP2P146310	0	11201975
11	BICF2G630290384	0	11234135
11	BICF2G630290672	0	11303603
11	BICF2G630290962	0	11390110
11	TIGRP2P146769	0	11467357
11	BICF2G630293144	0	13372264
11	BICF2G630299879	0	27660712
11	BICF2S22918349	0	30301614
11	BICF2G630300768	0	40743219
11	BICF2P1384954	0	50972263
11	BICF2P256718	0	52485919
11	BICF2S23642526	0	53810811
11	G718F34S56	0	57641786
11	BICF2P70321	0	66906943
11	BICF2P877426	0	68596734
12	TIGRP2P167341	0	2305096
12	TIGRP2P158451	0	15682576
12	BICF2P681735	0	18128218
12	BICF2P315079	0	19775463
12	TIGRP2P162504	0	30562344
12	BICF2P444115	0	36364241
12	BICF2P801082	0	44290285
12	BICF2G630120431	0	59069501
12	BICF2G630119021	0	61162062
12	BICF2P148113	0	61532066
12	TIGRP2P171160	0	63993172
13	TIGRP2P180888	0	2731528
13	TIGRP2P174132	0	7762230
13	TIGRP2P174174	0	9175619
13	BICF2G630612032	0	18854219
13	BICF2P183301	0	33478418
13	BICF2P757964	0	47381240
13	BICF2P573246	0	48143633
13	BICF2P23338	0	59071029
13	BICF2G630747545	0	60611907
14	G800F3S155	0	154654
14	BICF2G630517103	0	373355
14	BICF2P1095199	0	1720799
14	BICF2S23222262	0	2104410
14	BICF2P511238	0	19310424
14	BICF2S23519680	0	27690997
14	BICF2S23030912	0	28825612
14	BICF2P99563	0	30641463
14	TIGRP2P193905	0	45179265
14	BICF2P156383	0	47082659
14	TIGRP2P193947	0	47494734
15	TIGRP2P208399	0	186509
15	TIGRP2P208422	0	198588
15	BICF2S23155806	0	3352202
15	TIGRP2P195352	0	8497109
15	TIGRP2P195377	0	8532925
15	TIGRP2P195679	0	10304489
15	BICF2G630440398	0	17287200
15	TIGRP2P201488	0	42006900
16	BICF2P64840	0	44086
16	BICF2S23529396	0	1582662
16	TIGRP2P210441	0	1667368
16	BICF2P96565	0	4114021
16	BICF2P1000279	0	8088033
16	TIGRP2P222995	0	10655001
16	BICF2S23249255	0	10683905
16	BICF2S2349978	0	13572792
16	BICF2G630846337	0	13865594
16	BICF2P813466	0	15134543
16	BICF2S23757858	0	22192380
16	TIGRP2P213288	0	25422808
16	BICF2G630114376	0	32593198
16	BICF2G630813426	0	41402883
16	BICF2G630814991	0	47439216
16	TIGRP2P221082	0	50710799
16	BICF2S23535849	0	50807045
16	TIGRP2P221781	0	51646618
16	BICF2P1483619	0	59098526
16	BICF2G630823953	0	59405267
17	TIGRP2P227874	0	9969129
17	BICF2G630217502	0	14848578
17	BICF2S2308954	0	16658475
17	BICF2G630217003	0	21495987
17	BICF2P697416	0	26633112
17	BICF2P525839	0	31238661
17	TIGRP2P230588	0	37623631
17	BICF2G630206855	0	37751338
17	BICF2P562872	0	42753071
17	BICF2G630205849	0	44826673
17	BICF2P928711	0	57561495
17	BICF2G630286356	0	61068210
17	BICF2G630286359	0	61097601
18	BICF2G630636395	0	18661512
18	BICF2P123756	0	25493996
18	BICF2S23314053	0	37330361
18	BICF2S2343264	0	37352429
18	BICF2G630696413	0	38099025
18	BICF2G630696351	0	38152086
18	BICF2P248685	0	38924197
18	TIGRP2P250881	0	39660060
18	TIGRP2P250930	0	39685042
18	BICF2P964934	0	39732525
18	TIGRP2P251812	0	40499658
18	BICF2G630694151	0	40594056
18	TIGRP2P251831	0	40603331
18	BICF2G630693570	0	40826107
18	TIGRP2P252745	0	40987699
18	TIGRP2P252798	0	41155860
18	BICF2G630693144	0	41241736
18	BICF2G630692668	0	41820013
18	TIGRP2P258117	0	54216962
18	BICF2S23450232	0	54361503
18	BICF2G630689113	0	54671391
18	TIGRP2P258724	0	55713108
18	BICF2S23534744	0	55722727
18	TIGRP2P258776	0	55825316
19	TIGRP2P203646	0	2452775
19	BICF2P38948	0	22059240
19	BICF2G63047399	0	25870204
19	BICF2S23750662	0	42980400
20	BICF2G630227595	0	267908
20	BICF2G630227596	0	271409
20	BICF2P665957	0	5484016
20	BICF2P1251165	0	11645482
20	BICF2P715547	0	14275211
20	BICF2P839438	0	18539556
20	BICF2P619917	0	18859237
20	TIGRP2P273525	0	24719546
20	TIGRP2P274133	0	33181903
20	TIGRP2P274531	0	36705883
20	TIGRP2P274972	0	40336510
20	BICF2G630448414	0	40740547
20	BICF2P266968	0	46506572
20	BICF2P967041	0	46528897
20	BICF2S23761424	0	47190297
20	BICF2S23121289	0	47866570
20	BICF2P249604	0	49608963
20	BICF2P1314243	0	51720178
20	BICF2S23341179	0	54209083
20	BICF2P1472718	0	56196902
21	TIGRP2P289411	0	2239611
21	BICF2P1270134	0	3322283
21	BICF2G630656425	0	10321084
21	BICF2P460311	0	10347948
21	BICF2G630644014	0	28950779
21	BICF2G630643734	0	29219265
21	TIGRP2P283606	0	30312399
21	TIGRP2P283696	0	30459198
21	BICF2S23553380	0	31473105
21	TIGRP2P284808	0	37807656
21	BICF2S23332001	0	45742133
21	BICF2P1461713	0	50848299
22	BICF2G630313699	0	102069
22	BICF2P644120	0	11181813
22	BICF2P811595	0	21335803
22	BICF2S23520958	0	28634843
22	BICF2P376340	0	30992998
22	BICF2P786234	0	32909888
22	BICF2G630331758	0	38651649
23	BICF2G630393531	0	1863552
23	BICF2P201470	0	12117574
23	TIGRP2P301223	0	15462467
23	BICF2P1307910	0	15504890
23	TIGRP2P301826	0	17352580
23	BICF2G630377326	0	27503948
23	BICF2P3317	0	30633222
23	BICF2G630375008	0	30688988
24	BICF2P1056531	0	11415853
24	BICF2S23117436	0	19300582
24	BICF2S23117435	0	19300689
24	BICF2G630502629	0	20263750
24	BICF2P1164723	0	22069402
24	BICF2G630501173	0	25373354
24	BICF2P1511688	0	32901931
24	TIGRP2P317060	0	32998078
24	BICF2S23338517	0	34888296
24	BICF2G630495481	0	47685720
25	BICF2P1337120	0	18241652
25	BICF2S24112173	0	19868278
25	BICF2G63093582	0	19931279
25	BICF2P621642	0	37587384
25	BICF2G630104413	0	42799363
25	TIGRP2P335488	0	50576355
25	BICF2P608594	0	50698469
25	BICF2G630156042	0	50707707
25	BICF2P420282	0	50730727
25	BICF2G630155979	0	50742967
25	BICF2P414404	0	50750525
25	BICF2G630155973	0	50760552
25	BICF2S22964554	0	50771401
25	BICF2P222180	0	50800505
25	BICF2S23239882	0	50807950
25	BICF2P280062	0	50927788
26	BICF2S23234219	0	9887065
26	BICF2P1490847	0	9969984
26	BICF2P1465518	0	16940926
26	TIGRP2P338876	0	16962514
26	BICF2P879274	0	17694431
26	BICF2G630800125	0	18951537
26	BICF2P417814	0	21305204
26	TIGRP2P340774	0	25575739
26	BICF2P4069	0	25975418
26	TIGRP2P341633	0	26271353
26	BICF2S23655763	0	26612054
26	BICF2P233224	0	30507090
26	BICF2G630191317	0	38869674
27	BICF2P1186013	0	9454
27	TIGRP2P357290	0	2337977
27	BICF2P49310	0	5949026
27	G1325F22S275	0	6448031
27	BICF2G630144246	0	13953482
27	BICF2P48877	0	27515130
27	BICF2P649237	0	33653716
27	BICF2P561979	0	34793075
27	TIGRP2P355926	0	38503320
27	BICF2S23415703	0	41143728
27	BICF2S23347347	0	41189901
27	BICF2G630154560	0	42074293
28	BICF2P1219975	0	1156722
28	BICF2P754454	0	6236874
28	TIGRP2P358368	0	7578255
28	TIGRP2P358462	0	10749501
29	TIGRP2P368040	0	3552689
29	TIGRP2P368287	0	4671465
29	BICF2P691271	0	5654122
30	BICF2P79850	0	79376
30	BICF2P147198	0	272290
30	BICF2P492116	0	2540968
30	TIGRP2P369975	0	22266098
31	BICF2P674673	0	14357298
31	BICF2G630735415	0	18652795
31	BICF2P96491	0	26852591
31	BICF2S2326177	0	28676370
31	BICF2S23614964	0	28689773
31	BICF2P254992	0	28694820
31	BICF2P668688	0	28714514
31	BICF2P214093	0	28737124
31	BICF2P896617	0	28759217
31	BICF2P184958	0	28766124
31	BICF2P180999	0	28776190
31	BICF2P1382987	0	28793756
31	BICF2P377264	0	28824736
31	BICF2S23161246	0	28834254
31	BICF2P1468838	0	28839471
31	BICF2P408461	0	28855450
31	BICF2P76134	0	28883764
31	BICF2P911536	0	28894612
31	BICF2S23654178	0	28903813
31	BICF2S2374894	0	28909537
31	BICF2P307062	0	28925340
31	BICF2P931903	0	28947918
31	BICF2P276824	0	28954948
31	BICF2P1057018	0	28987905
31	BICF2S23737689	0	28995521
31	BICF2S22918426	0	29000562
31	BICF2P1353808	0	29013889
31	BICF2S23735734	0	29033840
31	BICF2S23733362	0	29037759
31	G1417F44S141	0	29059278
31	BICF2S23426209	0	29082301
31	BICF2P537814	0	29095984
31	BICF2P120826	0	29139644
31	BICF2S23060273	0	29159732
31	BICF2P130273	0	29224876
31	BICF2S2415100	0	29242934
31	BICF2S23329710	0	29255630
31	BICF2S22915262	0	29268489
31	BICF2P641346	0	29278187
31	BICF2P883831	0	29291854
31	BICF2P883830	0	29292410
31	BICF2P658353	0	29303447
31	BICF2P136010	0	29313670
31	BICF2S23643042	0	29323133
31	BICF2P575695	0	29343632
31	BICF2P389591	0	29364351
31	BICF2P1441496	0	29369714
31	BICF2P1220838	0	29371459
31	BICF2P1438050	0	29377885
31	BICF2S23134371	0	29380660
31	BICF2P206565	0	29399682
31	BICF2P177307	0	29425718
31	BICF2P168416	0	29430539
31	BICF2S22924173	0	29457191
31	BICF2P734061	0	29464575
31	BICF2S23113633	0	29477101
31	BICF2P662270	0	29501250
31	BICF2P603198	0	29514221
31	BICF2S23659815	0	29516061
31	BICF2P1140290	0	29536142
31	BICF2P1292565	0	29557751
31	BICF2P757979	0	34112669
31	BICF2P1444273	0	34115179
31	BICF2S23235381	0	39861367
32	TIGRP2P378394	0	514697
32	BICF2S22921014	0	649025
32	TIGRP2P384586	0	4366050
32	BICF2P118645	0	12885672
32	BICF2S24410033	0	14996728
32	BICF2G630596051	0	16043958
32	BICF2G630591317	0	21258850
32	BICF2G630591105	0	21549544
32	BICF2P789982	0	31858430
32	BICF2P526051	0	37869759
33	BICF2G630245679	0	3669593
33	BICF2S23754712	0	25553691
33	TIGRP2P390875	0	31372732
34	BICF2S23713519	0	12390634
34	BICF2P628733	0	18617755
34	TIGRP2P402289	0	42121776
35	BICF2P860581	0	13526127
35	BICF2S23415385	0	24658234
35	TIGRP2P410146	0	25841137
35	BICF2P1424935	0	25996769
36	BICF2S23738895	0	4206877
36	BICF2P923456	0	9969694
36	TIGRP2P412242	0	11291561
36	BICF2P948581	0	14434106
36	TIGRP2P412448	0	16321177
36	BICF2P66880	0	16853627
37	TIGRP2P417149	0	45772
38	TIGRP2P424618	0	23911629
39	BICF2G630537873	0	9314902
39	BICF2P275859	0	30343018
39	BICF2S23542431	0	32207150
39	BICF2S23317292	0	33612102
39	BICF2S23643217	0	37607263
39	BICF2G630531771	0	43900465
39	BICF2G630531668	0	45761264
39	BICF2P753521	0	46454278
39	BICF2P1146661	0	47030630
39	TIGRP2P135661	0	47197323
39	TIGRP2P135662	0	47211491
39	BICF2P121169	0	48080656
39	BICF2P1212049	0	48421417
39	BICF2P259878	0	48848931
39	BICF2S23031265	0	48915315
39	BICF2G63019931	0	48964977
39	G1783F1S96	0	48974964
39	TIGRP2P135713	0	49485534
39	G1808F6S265	0	50099999
39	BICF2S23130466	0	50649047
39	BICF2G63019595	0	56857011
39	BICF2P1154342	0	59022867
39	BICF2S23146404	0	60939502
39	BICF2G63018879	0	61702651
39	BICF2G63018596	0	63256097
39	BICF2G63015784	0	71261153
39	BICF2G63014261	0	76396045
39	BICF2G63013223	0	84726937
39	BICF2S22960889	0	86485588
39	BICF2G63010483	0	90734191
39	BICF2G63010019	0	92119765
39	BICF2G63010018	0	92122252
39	BICF2G6308523	0	96815793
39	BICF2G6308465	0	96867183
39	BICF2P914410	0	100032058
39	TIGRP2P133719	0	103992532
39	BICF2G6306273	0	105585625
39	BICF2G6306128	0	105804830
39	TIGRP2P133788	0	105956462
39	BICF2P371898	0	117560802
39	BICF2P979699	0	117568082
39	BICF2G6302872	0	117580154
39	TIGRP2P134071	0	117664274
39	TIGRP2P134133	0	117702841
39	BICF2G6302516	0	117898622
39	BICF2G6302459	0	118124443
39	TIGRP2P134340	0	118151537
39	G2347F2S197	0	118176649
39	BICF2P111448	0	118199753
39	BICF2S23515009	0	119253773
39	TIGRP2P134476	0	122184856
39	BICF2P247775	0	122605038
39	BICF2G6302052	0	122742656
39	TIGRP2P134917	0	123865954
41	BICF2G630250904	0	7402
41	TIGRP2P132007	0	27837
41	BICF2P853135	0	42565
41	BICF2S23141476	0	57253
41	BICF2P1338861	0	60852
41	BICF2P657963	0	74057
41	BICF2G630250970	0	81092
41	BICF2P643722	0	93927
41	BICF2P1219869	0	6475114
1	TIGRP2P9480	0	75180602
1	BICF2P919818	0	103605858
1	BICF2S23122159	0	104333540
1	BICF2P73638	0	105235270
2	TIGRP2P23726	0	4123877
2	BICF2P781035	0	14251387
2	TIGRP2P2412	0	21014198
2	TIGRP2P21672	0	33859948
2	BICF2G630494190	0	57495598
4	TIGRP2P65749	0	75322834
5	BICF2G63029775	0	37964
5	BICF2P184517	0	8979739
6	TIGRP2P78309	0	9770464
6	TIGRP2P78721	0	11139818
6	TIGRP2P79644	0	17498587
6	BICF2P1026685	0	23694686
6	BICF2P271447	0	23989016
6	BICF2P1252094	0	57724659
7	BICF2P894294	0	40835289
9	BICF2G63025028	0	8611391
9	BICF2G63025116	0	8634093
9	BICF2S2441868	0	10375503
9	BICF2G630827126	0	16846978
9	TIGRP2P244521	0	58266020
10	BICF2S23444831	0	31929
11	TIGRP2P150045	0	3355153
11	BICF2G630290080	0	11170603
11	BICF2G630290317	0	11225213
11	BICF2G630290444	0	11246394
11	BICF2G630290505	0	11262690
11	BICF2G630301001	0	51482020
11	BICF2S23249422	0	54700087
12	TIGRP2P344632	0	456179
13	TIGRP2P182840	0	56977770
13	TIGRP2P183458	0	58976643
14	TIGRP2P186284	0	11535872
14	BICF2S23149064	0	11577452
14	TIGRP2P194214	0	53046174
15	TIGRP2P196829	0	17148144
16	BICF2P631371	0	1495994
16	TIGRP2P223424	0	1633390
16	BICF2G630843364	0	7266251
16	BICF2S23152017	0	13948304
16	BICF2S23639217	0	26853522
16	BICF2G630818171	0	50794715
16	BICF2G630819447	0	54051850
16	TIGRP2P225350	0	59048688
18	BICF2S2373108	0	18735942
18	BICF2P790538	0	47193018
20	BICF2P721896	0	46355991
21	BICF2G630659792	0	2925
21	BICF2G630645524	0	27992034
21	BICF2G630644947	0	28163045
21	BICF2S23653049	0	37676665
23	BICF2G630384767	0	15519957
24	BICF2P1001998	0	35240466
26	BICF2P1204226	0	18940232
26	BICF2G630800101	0	18959901
26	TIGRP2P341907	0	26514671
26	TIGRP2P341912	0	26735408
26	BICF2S23435610	0	27650024
27	BICF2S23431760	0	484925
27	BICF2G630151547	0	26070546
31	BICF2P631321	0	29347875
32	TIGRP2P384247	0	38569282
34	TIGRP2P394835	0	12383500
36	BICF2S23431368	0	21330077
39	BICF2P1193149	0	14023208
39	TIGRP2P134938	0	16936591
39	TIGRP2P135233	0	31860227
39	G1672F48S157	0	40844915
39	TIGRP2P135560	0	44485093
39	BICF2P418640	0	46611712
39	BICF2P363206	0	46701556
39	BICF2P177489	0	51399407
39	BICF2G63013849	0	79831544
39	BICF2G63010014	0	92218652
39	BICF2G6305998	0	106256050
39	BICF2S23338503	0	117634050
39	BICF2G6302073	0	122499647
4	BICF2P580517	0	48921036
4	BICF2G630175718	0	81393700
7	BICF2S23340976	0	1568291
7	BICF2G630552693	0	15275797
10	BICF2S23624594	0	324206
13	BICF2S23716286	0	47983312
15	BICF2G630444714	0	3141758
15	TIGRP2P200881	0	40071238
16	BICF2S2307566	0	13551462
17	BICF2P1461623	0	21462310
19	BICF2G63050765	0	30388426
21	TIGRP2P282650	0	28572109
21	G1169F10S211	0	50755999
24	BICF2P615877	0	39333189
25	TIGRP2P328477	0	30322643
26	BICF2S23512964	0	16969233
26	BICF2P304926	0	26255898
27	BICF2P173836	0	35005244
30	BICF2G630412629	0	418437
31	BICF2P93312	0	28866169
39	BICF2G63019943	0	48629201
39	BICF2G63018027	0	65848532
26	BICF2G630198931	0	31249504
26	BICF2G630199031	0	28888383
11	BICF2G63027184	0	8972475
11	BICF2G630287444	0	11403867
11	BICF2G630288633	0	9699231
11	BICF2G630290728	0	11347912
11	BICF2G630299289	0	26911844
19	BICF2G63043499	0	21388215
28	BICF2G630526374	0	29967340
18	BICF2G630635984	0	18787964
18	BICF2G630636616	0	18571818
18	BICF2G630636735	0	18530080
18	BICF2G630637025	0	18403432
18	BICF2G630689564	0	54316092
18	BICF2G630693746	0	40776275
18	BICF2G630697116	0	37358608
1	BICF2G630788203	0	104281086
16	BICF2G630813409	0	41397313
18	BICF2G630824685	0	18408040
9	BICF2G630827657	0	16667923
9	BICF2G630829966	0	21099211
1	BICF2P1036087	0	104298867
25	BICF2P1069769	0	14880
34	BICF2P1089725	0	12473733
26	BICF2P1153803	0	28562719
7	BICF2P1341635	0	5963290
2	BICF2P1374151	0	57735183
10	BICF2P1406960	0	36330820
26	BICF2P1462132	0	31313224
25	BICF2P1483133	0	45080670
15	BICF2P1490630	0	169530
16	BICF2P1493109	0	50831289
18	BICF2P34825	0	39412990
18	BICF2P39829	0	18477629
12	BICF2P420371	0	32254430
16	BICF2P423380	0	33566935
9	BICF2P468187	0	47224887
18	BICF2P815527	0	18617644
5	BICF2P817019	0	63828628
21	BICF2P875438	0	27294946
20	BICF2P916763	0	51793830
1	BICF2S22960636	0	77330453
14	BICF2S23126869	0	472399
32	BICF2S23128701	0	7415544
32	BICF2S23128702	0	7415485
1	BICF2S23134438	0	104682910
38	BICF2S23258910	0	957419
30	BICF2S23434310	0	37819854
11	BICF2S23523626	0	11351467
7	BICF2S23611269	0	40819079
24	BICF2S23620237	0	19322541
17	BICF2S23634810	0	61625811
10	BICF2S23647951	0	16045846
8	BICF2S23712129	0	2270365
21	BICF2S23719870	0	29365918
39	G1828F11S338	0	51278167
1	TIGRP2P13458	0	102956881
11	TIGRP2P143627	0	11056591
11	TIGRP2P144560	0	10666379
11	TIGRP2P144751	0	639649
11	TIGRP2P145070	0	9769473
18	TIGRP2P250355	0	38128037
18	TIGRP2P251525	0	40408378
26	TIGRP2P343050	0	31311232
18	TIGRP2P34564	0	18621417
18	TIGRP2P35552	0	18810767
6	TIGRP2P77265	0	476427
39	BICF2G63014421	0	75479111
39	BICF2G63016722	0	69548403
9	BICF2G63024379	0	7624195
17	BICF2G630286605	0	64124451
11	BICF2G630300761	0	40550019
23	BICF2G630382477	0	18906145
23	BICF2G630385165	0	15129780
30	BICF2G630407600	0	18193314
14	BICF2G630515293	0	116079
14	BICF2G630517399	0	2246526
2	BICF2G630679590	0	6459638
2	BICF2G630680151	0	6231057
3	BICF2G630707150	0	31466709
36	BICF2G630758906	0	20967795
35	BICF2G630767278	0	34642
26	BICF2G630794950	0	26019259
9	BICF2G630824903	0	17378470
16	BICF2G630843192	0	1357853
16	BICF2G630843195	0	1370732
7	BICF2P1012898	0	40801645
14	BICF2P1017897	0	49611689
39	BICF2P1146664	0	47174979
14	BICF2P1161606	0	5359695
18	BICF2P1164888	0	40706330
17	BICF2P12923	0	62036487
15	BICF2P1336472	0	22770176
39	BICF2P1360220	0	31697623
8	BICF2P1370318	0	50479812
24	BICF2P1392078	0	32961506
23	BICF2P1431289	0	15509748
7	BICF2P1446668	0	78980232
15	BICF2P1467864	0	17512329
34	BICF2P1471799	0	16233257
9	BICF2P1505102	0	7380898
10	BICF2P205401	0	948133
16	BICF2P22509	0	14048745
4	BICF2P261821	0	37055842
34	BICF2P26777	0	12446345
14	BICF2P338695	0	44940650
38	BICF2P347796	0	1355731
39	BICF2P368447	0	102685036
19	BICF2P39181	0	43215255
13	BICF2P421824	0	51189295
18	BICF2P56906	0	25220787
2	BICF2P646177	0	13387179
3	BICF2P665294	0	63028178
9	BICF2P667902	0	30720441
20	BICF2P708115	0	38616694
20	BICF2P752120	0	8543289
23	BICF2P762549	0	14391460
4	BICF2P784402	0	32487145
7	BICF2P834422	0	77811367
37	BICF2P839320	0	23452850
8	BICF2P83952	0	74137892
15	BICF2P89160	0	18026148
39	BICF2P9317	0	63262760
17	BICF2P996564	0	64001742
3	BICF2S22915396	0	31194206
39	BICF2S22922249	0	37354306
1	BICF2S22930900	0	104564770
39	BICF2S22942620	0	118102903
2	BICF2S23023504	0	72024896
39	BICF2S23047954	0	20898443
8	BICF2S23048370	0	73196097
16	BICF2S23057242	0	10396467
17	BICF2S23116874	0	57418248
8	BICF2S23119551	0	72859873
9	BICF2S23119817	0	8727990
25	BICF2S23219791	0	45081537
18	BICF2S23238038	0	40086514
16	BICF2S23238688	0	10318137
4	BICF2S23251585	0	34954302
21	BICF2S2325698	0	255574
21	BICF2S23311205	0	3444082
39	BICF2S23311985	0	14205192
6	BICF2S23326910	0	19018
36	BICF2S23340125	0	11543793
39	BICF2S23421290	0	114711780
6	BICF2S23439680	0	67533950
11	BICF2S23515669	0	16646624
25	BICF2S23525581	0	45124851
12	BICF2S23533123	0	176693
18	BICF2S23549606	0	55556942
1	BICF2S23635352	0	98398979
39	BICF2S23638345	0	53609678
39	BICF2S23655693	0	49386266
16	BICF2S23723939	0	10484395
12	BICF2S23724302	0	64293551
22	BICF2S23739277	0	32453776
24	BICF2S2376527	0	35255716
21	BICF2S24113790	0	20842184
39	G1688F56S156	0	42779918
39	G2324F34S321	0	114532584
7	TIGRP2P104358	0	75092531
8	TIGRP2P105971	0	31434
8	TIGRP2P115903	0	2211546
8	TIGRP2P116260	0	2417079
8	TIGRP2P122763	0	74253477
9	TIGRP2P124408	0	23829914
9	TIGRP2P131248	0	60041396
9	TIGRP2P131891	0	17982174
39	TIGRP2P137088	0	89338993
39	TIGRP2P137174	0	92606448
10	TIGRP2P137703	0	16021385
10	TIGRP2P138593	0	16450351
11	TIGRP2P143192	0	1613989
1	TIGRP2P14798	0	111903670
11	TIGRP2P149896	0	4966949
1	TIGRP2P15152	0	117706067
1	TIGRP2P15299	0	122372441
13	TIGRP2P175849	0	35302581
13	TIGRP2P177076	0	39209783
15	TIGRP2P196667	0	17077682
16	TIGRP2P210892	0	5784817
2	TIGRP2P22546	0	49069419
17	TIGRP2P237452	0	62683433
18	TIGRP2P245197	0	25185323
18	TIGRP2P257148	0	49905165
2	TIGRP2P26437	0	57592746
2	TIGRP2P26701	0	57715779
21	TIGRP2P283849	0	30587370
36	TIGRP2P287873	0	3004250
22	TIGRP2P290353	0	12164930
2	TIGRP2P30574	0	73613154
23	TIGRP2P305884	0	38230189
25	TIGRP2P335033	0	50133521
26	TIGRP2P341875	0	26452551
26	TIGRP2P342324	0	26982357
26	TIGRP2P342834	0	27552951
26	TIGRP2P343152	0	28885198
27	TIGRP2P347167	0	53978
27	TIGRP2P357842	0	5411346
28	TIGRP2P363191	0	5066548
31	TIGRP2P377308	0	36042617
33	TIGRP2P391463	0	5286675
35	TIGRP2P409728	0	23919221
37	TIGRP2P417274	0	76375
37	TIGRP2P417440	0	127378
5	TIGRP2P71389	0	42966318
1	TIGRP2P9344	0	75113954
34	BICF2G630312720	0	41296
15	BICF2G630434967	0	29739253
